# z(km), p(mb), T(K), air(cm-3), o3(cm-3), o2(cm-3), h2o(cm-3), co2(cm-3), no2(cm-3)
        1.200000e+02         2.000000e-05         2.642729e+02         5.481433e+11         2.165000e+02         3.139250e+10         8.660000e+04         1.515500e+07         6.538300e+01
        1.150000e+02         4.000000e-05         2.642729e+02         1.096287e+12         4.072500e+03         7.656301e+10         1.954800e+05         3.258000e+07         1.262475e+02
        1.100000e+02         6.000000e-05         2.642729e+02         1.644430e+12         8.440001e+04         2.025600e+11         4.726400e+05         1.012800e+08         2.683920e+02
        1.050000e+02         1.200000e-04         2.642729e+02         3.288860e+12         7.632000e+05         5.342400e+11         1.297440e+06         4.197600e+08         6.258240e+02
        1.000000e+02         2.600000e-04         2.642729e+02         7.125863e+12         3.926400e+06         1.570560e+12         3.926400e+06         1.914120e+09         1.668720e+03
        9.500000e+01         6.200000e-04         2.642729e+02         1.699244e+13         1.778700e+07         4.573800e+12         1.372140e+07         6.860700e+09         4.472160e+03
        9.000000e+01         1.640000e-03         2.642729e+02         4.494775e+13         5.403000e+07         1.368760e+13         6.123400e+07         2.233240e+10         1.318332e+04
        8.500000e+01         4.480000e-03         2.642729e+02         1.227841e+14         1.121190e+08         3.934000e+13         2.616110e+08         6.294400e+10         3.776640e+04
        8.000000e+01         1.200000e-02         2.642729e+02         3.288860e+14         9.992000e+07         1.044164e+14         1.049160e+09         1.638688e+11         1.009192e+05
        7.500000e+01         3.000000e-02         2.642729e+02         8.222150e+14         2.107100e+08         2.317810e+14         3.271550e+09         3.659700e+11         2.384350e+05
        7.000000e+01         6.700000e-02         2.642729e+02         1.836280e+15         8.908001e+08         4.654430e+14         8.239900e+09         7.349100e+11         5.144370e+05
        6.500000e+01         1.390000e-01         2.642729e+02         3.809596e+15         3.356800e+09         8.769640e+14         1.846240e+10         1.384680e+12         1.061588e+06
        6.000000e+01         2.720000e-01         2.642729e+02         7.454749e+15         9.968400e+09         1.602612e+15         3.834000e+10         2.530440e+12         2.185380e+06
        5.500000e+01         5.150000e-01         2.642729e+02         1.411469e+16         2.494800e+10         2.896740e+15         7.415099e+10         4.573800e+12         4.698540e+06
        5.000000e+01         9.510000e-01         2.642729e+02         2.606422e+16         7.000000e+10         5.225000e+15         1.375000e+11         8.250000e+12         1.107500e+07
        4.750000e+01         1.290000e+00         2.628541e+02         3.554608e+16         1.189300e+11         7.101820e+15         1.868900e+11         1.121340e+13         2.263068e+07
        4.500000e+01         1.760000e+00         2.605546e+02         4.892497e+16         2.126700e+11         9.877339e+15         2.575670e+11         1.559580e+13         5.434900e+07
        4.250000e+01         2.410000e+00         2.573746e+02         6.782162e+16         3.908160e+11         1.384416e+16         3.510720e+11         2.185920e+13         1.437408e+08
        4.000000e+01         3.330000e+00         2.528735e+02         9.538005e+16         7.076615e+11         1.958957e+16         4.780230e+11         3.093090e+13         3.777319e+08
        3.750000e+01         4.640000e+00         2.464645e+02         1.363579e+17         1.164060e+12         2.796420e+16         6.690000e+11         4.415400e+13         8.375880e+08
        3.500000e+01         6.520000e+00         2.406384e+02         1.962454e+17         1.715030e+12         4.027430e+16         9.538649e+11         6.359100e+13         1.402856e+09
        3.250000e+01         9.300000e+00         2.332040e+02         2.888442e+17         2.284200e+12         5.893800e+16         1.367700e+12         9.306000e+13         2.033220e+09
        3.000000e+01         1.320000e+01         2.283506e+02         4.186861e+17         2.865800e+12         8.556460e+16         1.924180e+12         1.351020e+14         2.521904e+09
        2.750000e+01         1.907000e+01         2.228815e+02         6.197169e+17         3.630000e+12         1.264450e+17         2.692250e+12         1.996500e+14         2.910050e+09
        2.500000e+01         2.770000e+01         2.148410e+02         9.338548e+17         4.281120e+12         1.864071e+17         3.745980e+12         2.943270e+14         3.335706e+09
        2.400000e+01         3.220000e+01         2.117927e+02         1.101188e+18         4.168000e+12         2.177780e+17         4.168000e+12         3.438600e+14         3.188520e+09
        2.300000e+01         3.760000e+01         2.095705e+02         1.299494e+18         4.158200e+12         2.556070e+17         4.708550e+12         4.035900e+14         3.155340e+09
        2.200000e+01         4.370000e+01         2.070602e+02         1.528627e+18         4.144100e+12         2.986610e+17         5.144399e+12         4.715700e+14         3.086640e+09
        2.100000e+01         5.100000e+01         2.041003e+02         1.809853e+18         4.024800e+12         3.504930e+17         5.785650e+12         5.534100e+14         2.951520e+09
        2.000000e+01         5.950000e+01         2.009782e+02         2.144296e+18         3.934000e+12         4.111030e+17         6.491100e+12         6.491100e+14         2.734130e+09
        1.900000e+01         6.950000e+01         1.973052e+02         2.551308e+18         3.468000e+12         4.832080e+17         7.398400e+12         7.629600e+14         2.450720e+09
        1.800000e+01         8.120000e+01         1.950479e+02         3.015306e+18         2.715000e+12         5.674350e+17         8.552250e+12         8.959500e+14         2.093265e+09
        1.700000e+01         9.500000e+01         1.924929e+02         3.574585e+18         2.234400e+12         6.671280e+17         1.021440e+13         1.053360e+15         1.656648e+09
        1.600000e+01         1.110000e+02         1.941196e+02         4.141620e+18         2.238000e+12         7.795700e+17         1.230900e+13         1.230900e+15         1.189870e+09
        1.500000e+01         1.300000e+02         1.988283e+02         4.735675e+18         2.184000e+12         9.129120e+17         1.485120e+13         1.441440e+15         7.469280e+08
        1.400000e+01         1.530000e+02         2.055444e+02         5.391412e+18         2.262040e+12         1.074469e+18         2.570500e+13         1.696530e+15         3.845468e+08
        1.300000e+01         1.790000e+02         2.130321e+02         6.085899e+18         1.803600e+12         1.256508e+18         4.809600e+13         1.983960e+15         2.675340e+08
        1.200000e+01         2.090000e+02         2.210089e+02         6.849412e+18         1.519522e+12         1.424126e+18         2.006042e+14         2.248620e+15         2.146410e+08
        1.100000e+01         2.430000e+02         2.290785e+02         7.683138e+18         1.380251e+12         1.608882e+18         7.356209e+14         2.540340e+15         2.016876e+08
        1.000000e+01         2.810000e+02         2.371332e+02         8.582835e+18         1.128742e+12         1.809104e+18         2.139763e+15         2.856480e+15         2.060128e+08
        9.000000e+00         3.240000e+02         2.448835e+02         9.583015e+18         1.079448e+12         2.030644e+18         4.011736e+15         3.206280e+15         2.254112e+08
        8.000000e+00         3.720000e+02         2.523295e+02         1.067804e+19         9.910836e+11         2.269740e+18         7.019904e+15         3.583800e+15         2.497800e+08
        7.000000e+00         4.260000e+02         2.594490e+02         1.189253e+19         9.409968e+11         2.533080e+18         1.236240e+16         3.999600e+15         2.787600e+08
        6.000000e+00         4.870000e+02         2.659618e+02         1.326253e+19         8.657207e+11         2.823590e+18         2.040010e+16         4.458300e+15         3.107300e+08
        5.000000e+00         5.540000e+02         2.714207e+02         1.478371e+19         8.284536e+11         3.141270e+18         3.344175e+16         4.959900e+15         3.456900e+08
        4.000000e+00         6.280000e+02         2.769001e+02         1.642681e+19         8.031786e+11         3.481940e+18         6.352458e+16         5.497800e+15         3.831800e+08
        3.000000e+00         7.100000e+02         2.826738e+02         1.819238e+19         7.781146e+11         3.851870e+18         1.102851e+17         6.081900e+15         4.238900e+08
        2.000000e+00         8.020000e+02         2.881766e+02         2.015730e+19         7.528372e+11         4.259420e+18         1.972784e+17         6.725400e+15         4.687400e+08
        1.000000e+00         9.020000e+02         2.928459e+02         2.230921e+19         7.531609e+11         4.717130e+18         3.110146e+17         7.448100e+15         5.191100e+08
        0.000000e+00         1.013000e+03         2.986476e+02         2.456785e+19         7.530432e+11         5.216640e+18         4.682496e+17         8.236800e+15         5.740800e+08
